#Output
outputfile = ./

#Evolution
expansion = true
evolver = VV2

#Lattice
N = 512
dt = 100
kIR = 9.815569730831784e-07

#Times
tOutputFreq = 1000
tOutputInfreq = 10000
tMax = 8000000


#Spectra options
PS_type = 1
PS_version = 1

#GWs
GWprojectorType = 1
withGWs = false

#IC
initial_amplitudes = 9.091446751890607e+18
initial_momenta = -3.0141567697420353e+31

#Model Parameters
a20 = 9.088024782623335882e-23
a19 = 1.800535108462748645e-21
a18 = 7.615709018231227599e-21
a17 = -2.841355241684441329e-20
a16 = -1.915710465874620620e-19
a15 = 1.262220811784524693e-19
a14 = 1.560722092380006734e-18
a13 = 1.688772118663289843e-18
a12 = -9.187620574873466658e-18
a11 = -2.834770867143527836e-17
a10 = 1.790706624948002706e-16
a9 = -5.962820581684383518e-16
a8 = 6.811738560652430358e-16
a7 = 9.853377102274280974e-15
a6 = -7.751450684069364736e-14
a5 = 2.205898393556930979e-13
a4 = 4.994918780914509184e-13
a3 = -6.364481211638128139e-12
a2 = 1.060941996188644385e-11
a1 = 1.151641455785154264e-10
a0 = 1.448871448407163465e-10
hinit = 3.73365369687465
